Data Source,URL,Stock Symbol,Fetch Date,Data Includes
Screener,https://www.screener.in/company/WIPRO/,WIPRO,2026-02-28,"Key Metrics, Quarterly Results, Annual P&L, Balance Sheet, Cash Flow, Growth Metrics"